0.166667 1.08178e-317 1.08178e-317 1.00671e-319 3.71063e-319 2.02369e-320 1.2732e-313 -0.333333 1.08821e-317 1.08821e-317 2.29246e-321 2.29246e-321 3.95253e-323 8.48798e-314 4.18968e-321 4.18968e-321 4.18968e-321 2.37152e-322 
0 1 -0.5 0 0 0 0 0 0 0 0 0 0 0 0 0 0 0 
0 -0.5 1.3 0 0 0 0 0 0 0 0 0 0 0 0 -0.2 -0.2 -0.2 
0 0 0 0 -1.16667 -0.333333 -0.333333 0 0 0 0 0 0 0 0 0 0 0 
0 0 0 -1.16667 0 -0.333333 -0.333333 0 0 0 0 -0.833333 0 0 -0.5 -0.333333 0 0 
0 0 0 -0.333333 -0.333333 0 0 -0.333333 -0.333333 0 0 0 0 0 0 0 0 0 
0 0 0 -0.333333 -0.333333 0 0 0 -0.333333 -0.333333 0 0 0 0 0 0 0 0 
-0.333333 0 0 0 0 -0.333333 0 1.33333 -0.333333 0 0 0 0 0 0 0 0 0 
0 0 0 0 0 -0.333333 -0.333333 -0.333333 0 -0.333333 0 0 0 0 0 0 0 0 
0 0 0 0 0 0 -0.333333 0 -0.333333 2.46667 -0.2 0 -0.7 0 0 0 0 -0.7 
0 0 0 0 0 0 0 0 0 -0.2 1.55 0 -0.2 0 0 -0.25 -0.25 -0.45 
0 0 0 0 -0.833333 0 0 0 0 0 0 0 0 0 0 -0.333333 0 0 
0 0 0 0 0 0 0 0 0 -0.7 -0.2 0 1.3 0 0 0 0 -0.2 
0 0 0 0 0 0 0 0 0 0 0 0 0 1.3 0 -0.2 -0.7 -0.2 
0 0 0 0 -0.5 0 0 0 0 0 0 0 0 0 0 -0.5 0 0 
0 0 -0.2 0 -0.333333 0 0 0 0 0 -0.25 -0.333333 0 -0.2 -0.5 -1.66533e-16 -0.65 -0.65 
0 0 -0.2 0 0 0 0 0 0 0 -0.25 0 0 -0.7 0 -0.65 -5.55112e-17 -0.65 
0 0 -0.2 0 0 0 0 0 0 -0.7 -0.45 0 -0.2 -0.2 0 -0.65 -0.65 3.25 
0 0 0.166667
0 7 -0.333333
1 1 1
1 2 -0.5
2 1 -0.5
2 2 1.3
2 15 -0.2
2 16 -0.2
2 17 -0.2
3 4 -1.16667
3 5 -0.333333
3 6 -0.333333
4 3 -1.16667
4 5 -0.333333
4 6 -0.333333
4 11 -0.833333
4 14 -0.5
4 15 -0.333333
5 3 -0.333333
5 4 -0.333333
5 7 -0.333333
5 8 -0.333333
6 3 -0.333333
6 4 -0.333333
6 8 -0.333333
6 9 -0.333333
7 0 -0.333333
7 5 -0.333333
7 7 1.33333
7 8 -0.333333
8 5 -0.333333
8 6 -0.333333
8 7 -0.333333
8 9 -0.333333
9 6 -0.333333
9 8 -0.333333
9 9 2.46667
9 10 -0.2
9 12 -0.7
9 17 -0.7
10 9 -0.2
10 10 1.55
10 12 -0.2
10 15 -0.25
10 16 -0.25
10 17 -0.45
11 4 -0.833333
11 15 -0.333333
12 9 -0.7
12 10 -0.2
12 12 1.3
12 17 -0.2
13 13 1.3
13 15 -0.2
13 16 -0.7
13 17 -0.2
14 4 -0.5
14 15 -0.5
15 2 -0.2
15 4 -0.333333
15 10 -0.25
15 11 -0.333333
15 13 -0.2
15 14 -0.5
15 16 -0.65
15 17 -0.65
16 2 -0.2
16 10 -0.25
16 13 -0.7
16 15 -0.65
16 17 -0.65
17 2 -0.2
17 9 -0.7
17 10 -0.45
17 12 -0.2
17 13 -0.2
17 15 -0.65
17 16 -0.65
17 17 3.25
0.5 1.08178e-317 1.08178e-317 1.00671e-319 3.71063e-319 2.02369e-320 1.2732e-313 -0.5 1.08821e-317 1.08821e-317 2.29246e-321 2.29246e-321 3.95253e-323 8.48798e-314 4.18968e-321 4.18968e-321 4.18968e-321 2.37152e-322 
0 2 -1 0 0 0 0 0 0 0 0 0 0 0 0 0 0 0 
0 -1 2 0 0 0 0 0 0 0 0 0 0 0 0 -0.25 -0.25 -0.25 
0 0 0 0 -2 -0.5 -0.5 0 0 0 0 0 0 0 0 0 0 0 
0 0 0 -2 0 -0.5 -0.5 0 0 0 0 -1.5 0 0 -1 -0.5 0 0 
0 0 0 -0.5 -0.5 0 0 -0.5 -0.5 0 0 0 0 0 0 0 0 0 
0 0 0 -0.5 -0.5 0 0 0 -0.5 -0.5 0 0 0 0 0 0 0 0 
-0.5 0 0 0 0 -0.5 0 2 -0.5 0 0 0 0 0 0 0 0 0 
0 0 0 0 0 -0.5 -0.5 -0.5 0 -0.5 0 0 0 0 0 0 0 0 
0 0 0 0 0 0 -0.5 0 -0.5 4 -0.25 0 -1.25 0 0 0 0 -1.25 
0 0 0 0 0 0 0 0 0 -0.25 2 0 -0.25 0 0 -0.333333 -0.333333 -0.583333 
0 0 0 0 -1.5 0 0 0 0 0 0 0 0 0 0 -0.5 0 0 
0 0 0 0 0 0 0 0 0 -1.25 -0.25 0 2 0 0 0 0 -0.25 
0 0 0 0 0 0 0 0 0 0 0 0 0 2 0 -0.25 -1.25 -0.25 
0 0 0 0 -1 0 0 0 0 0 0 0 0 0 0 -1 0 0 
0 0 -0.25 0 -0.5 0 0 0 0 0 -0.333333 -0.5 0 -0.25 -1 4.44089e-16 -0.833333 -0.833333 
0 0 -0.25 0 0 0 0 0 0 0 -0.333333 0 0 -1.25 0 -0.833333 -2.22045e-16 -0.833333 
0 0 -0.25 0 0 0 0 0 0 -1.25 -0.583333 0 -0.25 -0.25 0 -0.833333 -0.833333 4.5 
0 0 0.5
0 7 -0.5
1 1 2
1 2 -1
2 1 -1
2 2 2
2 15 -0.25
2 16 -0.25
2 17 -0.25
3 4 -2
3 5 -0.5
3 6 -0.5
4 3 -2
4 5 -0.5
4 6 -0.5
4 11 -1.5
4 14 -1
4 15 -0.5
5 3 -0.5
5 4 -0.5
5 7 -0.5
5 8 -0.5
6 3 -0.5
6 4 -0.5
6 8 -0.5
6 9 -0.5
7 0 -0.5
7 5 -0.5
7 7 2
7 8 -0.5
8 5 -0.5
8 6 -0.5
8 7 -0.5
8 9 -0.5
9 6 -0.5
9 8 -0.5
9 9 4
9 10 -0.25
9 12 -1.25
9 17 -1.25
10 9 -0.25
10 10 2
10 12 -0.25
10 15 -0.333333
10 16 -0.333333
10 17 -0.583333
11 4 -1.5
11 15 -0.5
12 9 -1.25
12 10 -0.25
12 12 2
12 17 -0.25
13 13 2
13 15 -0.25
13 16 -1.25
13 17 -0.25
14 4 -1
14 15 -1
15 2 -0.25
15 4 -0.5
15 10 -0.333333
15 11 -0.5
15 13 -0.25
15 14 -1
15 16 -0.833333
15 17 -0.833333
16 2 -0.25
16 10 -0.333333
16 13 -1.25
16 15 -0.833333
16 17 -0.833333
17 2 -0.25
17 9 -1.25
17 10 -0.583333
17 12 -0.25
17 13 -0.25
17 15 -0.833333
17 16 -0.833333
17 17 4.5
0.5 1.08178e-317 1.08178e-317 1.00671e-319 3.71063e-319 2.02369e-320 1.2732e-313 -0.5 1.08821e-317 1.08821e-317 2.29246e-321 2.29246e-321 3.95253e-323 8.48798e-314 4.18968e-321 4.18968e-321 4.18968e-321 2.37152e-322 
0 2 -1 0 0 0 0 0 0 0 0 0 0 0 0 0 0 0 
0 -1 2 0 0 0 0 0 0 0 0 0 0 0 0 -0.25 -0.25 -0.25 
0 0 0 0 -2 -0.5 -0.5 0 0 0 0 0 0 0 0 0 0 0 
0 0 0 -2 0 -0.5 -0.5 0 0 0 0 -1.5 0 0 -1 -0.5 0 0 
0 0 0 -0.5 -0.5 0 0 -0.5 -0.5 0 0 0 0 0 0 0 0 0 
0 0 0 -0.5 -0.5 0 0 0 -0.5 -0.5 0 0 0 0 0 0 0 0 
-0.5 0 0 0 0 -0.5 0 2 -0.5 0 0 0 0 0 0 0 0 0 
0 0 0 0 0 -0.5 -0.5 -0.5 0 -0.5 0 0 0 0 0 0 0 0 
0 0 0 0 0 0 -0.5 0 -0.5 4 -0.25 0 -1.25 0 0 0 0 -1.25 
0 0 0 0 0 0 0 0 0 -0.25 2 0 -0.25 0 0 -0.333333 -0.333333 -0.583333 
0 0 0 0 -1.5 0 0 0 0 0 0 0 0 0 0 -0.5 0 0 
0 0 0 0 0 0 0 0 0 -1.25 -0.25 0 2 0 0 0 0 -0.25 
0 0 0 0 0 0 0 0 0 0 0 0 0 2 0 -0.25 -1.25 -0.25 
0 0 0 0 -1 0 0 0 0 0 0 0 0 0 0 -1 0 0 
0 0 -0.25 0 -0.5 0 0 0 0 0 -0.333333 -0.5 0 -0.25 -1 4.44089e-16 -0.833333 -0.833333 
0 0 -0.25 0 0 0 0 0 0 0 -0.333333 0 0 -1.25 0 -0.833333 -2.22045e-16 -0.833333 
0 0 -0.25 0 0 0 0 0 0 -1.25 -0.583333 0 -0.25 -0.25 0 -0.833333 -0.833333 4.5 
0 0 0.5
0 7 -0.5
1 1 2
1 2 -1
2 1 -1
2 2 2
2 15 -0.25
2 16 -0.25
2 17 -0.25
3 4 -2
3 5 -0.5
3 6 -0.5
4 3 -2
4 5 -0.5
4 6 -0.5
4 11 -1.5
4 14 -1
4 15 -0.5
5 3 -0.5
5 4 -0.5
5 7 -0.5
5 8 -0.5
6 3 -0.5
6 4 -0.5
6 8 -0.5
6 9 -0.5
7 0 -0.5
7 5 -0.5
7 7 2
7 8 -0.5
8 5 -0.5
8 6 -0.5
8 7 -0.5
8 9 -0.5
9 6 -0.5
9 8 -0.5
9 9 4
9 10 -0.25
9 12 -1.25
9 17 -1.25
10 9 -0.25
10 10 2
10 12 -0.25
10 15 -0.333333
10 16 -0.333333
10 17 -0.583333
11 4 -1.5
11 15 -0.5
12 9 -1.25
12 10 -0.25
12 12 2
12 17 -0.25
13 13 2
13 15 -0.25
13 16 -1.25
13 17 -0.25
14 4 -1
14 15 -1
15 2 -0.25
15 4 -0.5
15 10 -0.333333
15 11 -0.5
15 13 -0.25
15 14 -1
15 16 -0.833333
15 17 -0.833333
16 2 -0.25
16 10 -0.333333
16 13 -1.25
16 15 -0.833333
16 17 -0.833333
17 2 -0.25
17 9 -1.25
17 10 -0.583333
17 12 -0.25
17 13 -0.25
17 15 -0.833333
17 16 -0.833333
17 17 4.5
0.5 1.08178e-317 1.08178e-317 1.00671e-319 3.71063e-319 2.02369e-320 1.2732e-313 -0.5 1.08821e-317 1.08821e-317 2.29246e-321 2.29246e-321 3.95253e-323 8.48798e-314 4.18968e-321 4.18968e-321 4.18968e-321 2.37152e-322 
0 2 -1 0 0 0 0 0 0 0 0 0 0 0 0 0 0 0 
0 -1 2 0 0 0 0 0 0 0 0 0 0 0 0 -0.25 -0.25 -0.25 
0 0 0 0 -2 -0.5 -0.5 0 0 0 0 0 0 0 0 0 0 0 
0 0 0 -2 0 -0.5 -0.5 0 0 0 0 -1.5 0 0 -1 -0.5 0 0 
0 0 0 -0.5 -0.5 0 0 -0.5 -0.5 0 0 0 0 0 0 0 0 0 
0 0 0 -0.5 -0.5 0 0 0 -0.5 -0.5 0 0 0 0 0 0 0 0 
-0.5 0 0 0 0 -0.5 0 2 -0.5 0 0 0 0 0 0 0 0 0 
0 0 0 0 0 -0.5 -0.5 -0.5 0 -0.5 0 0 0 0 0 0 0 0 
0 0 0 0 0 0 -0.5 0 -0.5 4 -0.25 0 -1.25 0 0 0 0 -1.25 
0 0 0 0 0 0 0 0 0 -0.25 2 0 -0.25 0 0 -0.333333 -0.333333 -0.583333 
0 0 0 0 -1.5 0 0 0 0 0 0 0 0 0 0 -0.5 0 0 
0 0 0 0 0 0 0 0 0 -1.25 -0.25 0 2 0 0 0 0 -0.25 
0 0 0 0 0 0 0 0 0 0 0 0 0 2 0 -0.25 -1.25 -0.25 
0 0 0 0 -1 0 0 0 0 0 0 0 0 0 0 -1 0 0 
0 0 -0.25 0 -0.5 0 0 0 0 0 -0.333333 -0.5 0 -0.25 -1 4.44089e-16 -0.833333 -0.833333 
0 0 -0.25 0 0 0 0 0 0 0 -0.333333 0 0 -1.25 0 -0.833333 -2.22045e-16 -0.833333 
0 0 -0.25 0 0 0 0 0 0 -1.25 -0.583333 0 -0.25 -0.25 0 -0.833333 -0.833333 4.5 
0 0 0.5
0 7 -0.5
1 1 2
1 2 -1
2 1 -1
2 2 2
2 15 -0.25
2 16 -0.25
2 17 -0.25
3 4 -2
3 5 -0.5
3 6 -0.5
4 3 -2
4 5 -0.5
4 6 -0.5
4 11 -1.5
4 14 -1
4 15 -0.5
5 3 -0.5
5 4 -0.5
5 7 -0.5
5 8 -0.5
6 3 -0.5
6 4 -0.5
6 8 -0.5
6 9 -0.5
7 0 -0.5
7 5 -0.5
7 7 2
7 8 -0.5
8 5 -0.5
8 6 -0.5
8 7 -0.5
8 9 -0.5
9 6 -0.5
9 8 -0.5
9 9 4
9 10 -0.25
9 12 -1.25
9 17 -1.25
10 9 -0.25
10 10 2
10 12 -0.25
10 15 -0.333333
10 16 -0.333333
10 17 -0.583333
11 4 -1.5
11 15 -0.5
12 9 -1.25
12 10 -0.25
12 12 2
12 17 -0.25
13 13 2
13 15 -0.25
13 16 -1.25
13 17 -0.25
14 4 -1
14 15 -1
15 2 -0.25
15 4 -0.5
15 10 -0.333333
15 11 -0.5
15 13 -0.25
15 14 -1
15 16 -0.833333
15 17 -0.833333
16 2 -0.25
16 10 -0.333333
16 13 -1.25
16 15 -0.833333
16 17 -0.833333
17 2 -0.25
17 9 -1.25
17 10 -0.583333
17 12 -0.25
17 13 -0.25
17 15 -0.833333
17 16 -0.833333
17 17 4.5
0.5 1.08178e-317 1.08178e-317 1.00671e-319 3.71063e-319 2.02369e-320 1.2732e-313 -0.5 1.08821e-317 1.08821e-317 2.29246e-321 2.29246e-321 3.95253e-323 8.48798e-314 4.18968e-321 4.18968e-321 4.18968e-321 2.37152e-322 
0 2 -1 0 0 0 0 0 0 0 0 0 0 0 0 0 0 0 
0 -1 2 0 0 0 0 0 0 0 0 0 0 0 0 -0.25 -0.25 -0.25 
0 0 0 0 -2 -0.5 -0.5 0 0 0 0 0 0 0 0 0 0 0 
0 0 0 -2 0 -0.5 -0.5 0 0 0 0 -1.5 0 0 -1 -0.5 0 0 
0 0 0 -0.5 -0.5 0 0 -0.5 -0.5 0 0 0 0 0 0 0 0 0 
0 0 0 -0.5 -0.5 0 0 0 -0.5 -0.5 0 0 0 0 0 0 0 0 
-0.5 0 0 0 0 -0.5 0 2 -0.5 0 0 0 0 0 0 0 0 0 
0 0 0 0 0 -0.5 -0.5 -0.5 0 -0.5 0 0 0 0 0 0 0 0 
0 0 0 0 0 0 -0.5 0 -0.5 4 -0.25 0 -1.25 0 0 0 0 -1.25 
0 0 0 0 0 0 0 0 0 -0.25 2 0 -0.25 0 0 -0.333333 -0.333333 -0.583333 
0 0 0 0 -1.5 0 0 0 0 0 0 0 0 0 0 -0.5 0 0 
0 0 0 0 0 0 0 0 0 -1.25 -0.25 0 2 0 0 0 0 -0.25 
0 0 0 0 0 0 0 0 0 0 0 0 0 2 0 -0.25 -1.25 -0.25 
0 0 0 0 -1 0 0 0 0 0 0 0 0 0 0 -1 0 0 
0 0 -0.25 0 -0.5 0 0 0 0 0 -0.333333 -0.5 0 -0.25 -1 4.44089e-16 -0.833333 -0.833333 
0 0 -0.25 0 0 0 0 0 0 0 -0.333333 0 0 -1.25 0 -0.833333 -2.22045e-16 -0.833333 
0 0 -0.25 0 0 0 0 0 0 -1.25 -0.583333 0 -0.25 -0.25 0 -0.833333 -0.833333 4.5 
0 0 0.5
0 7 -0.5
1 1 2
1 2 -1
2 1 -1
2 2 2
2 15 -0.25
2 16 -0.25
2 17 -0.25
3 4 -2
3 5 -0.5
3 6 -0.5
4 3 -2
4 5 -0.5
4 6 -0.5
4 11 -1.5
4 14 -1
4 15 -0.5
5 3 -0.5
5 4 -0.5
5 7 -0.5
5 8 -0.5
6 3 -0.5
6 4 -0.5
6 8 -0.5
6 9 -0.5
7 0 -0.5
7 5 -0.5
7 7 2
7 8 -0.5
8 5 -0.5
8 6 -0.5
8 7 -0.5
8 9 -0.5
9 6 -0.5
9 8 -0.5
9 9 4
9 10 -0.25
9 12 -1.25
9 17 -1.25
10 9 -0.25
10 10 2
10 12 -0.25
10 15 -0.333333
10 16 -0.333333
10 17 -0.583333
11 4 -1.5
11 15 -0.5
12 9 -1.25
12 10 -0.25
12 12 2
12 17 -0.25
13 13 2
13 15 -0.25
13 16 -1.25
13 17 -0.25
14 4 -1
14 15 -1
15 2 -0.25
15 4 -0.5
15 10 -0.333333
15 11 -0.5
15 13 -0.25
15 14 -1
15 16 -0.833333
15 17 -0.833333
16 2 -0.25
16 10 -0.333333
16 13 -1.25
16 15 -0.833333
16 17 -0.833333
17 2 -0.25
17 9 -1.25
17 10 -0.583333
17 12 -0.25
17 13 -0.25
17 15 -0.833333
17 16 -0.833333
17 17 4.5
0.5 1.08178e-317 1.08178e-317 1.00671e-319 3.71063e-319 2.02369e-320 1.2732e-313 -0.5 1.08821e-317 1.08821e-317 2.29246e-321 2.29246e-321 3.95253e-323 8.48798e-314 4.18968e-321 4.18968e-321 4.18968e-321 2.37152e-322 
0 2 -1 0 0 0 0 0 0 0 0 0 0 0 0 0 0 0 
0 -1 2 0 0 0 0 0 0 0 0 0 0 0 0 -0.25 -0.25 -0.25 
0 0 0 0 -2 -0.5 -0.5 0 0 0 0 0 0 0 0 0 0 0 
0 0 0 -2 0 -0.5 -0.5 0 0 0 0 -1.5 0 0 -1 -0.5 0 0 
0 0 0 -0.5 -0.5 0 0 -0.5 -0.5 0 0 0 0 0 0 0 0 0 
0 0 0 -0.5 -0.5 0 0 0 -0.5 -0.5 0 0 0 0 0 0 0 0 
-0.5 0 0 0 0 -0.5 0 2 -0.5 0 0 0 0 0 0 0 0 0 
0 0 0 0 0 -0.5 -0.5 -0.5 0 -0.5 0 0 0 0 0 0 0 0 
0 0 0 0 0 0 -0.5 0 -0.5 4 -0.25 0 -1.25 0 0 0 0 -1.25 
0 0 0 0 0 0 0 0 0 -0.25 2 0 -0.25 0 0 -0.333333 -0.333333 -0.583333 
0 0 0 0 -1.5 0 0 0 0 0 0 0 0 0 0 -0.5 0 0 
0 0 0 0 0 0 0 0 0 -1.25 -0.25 0 2 0 0 0 0 -0.25 
0 0 0 0 0 0 0 0 0 0 0 0 0 2 0 -0.25 -1.25 -0.25 
0 0 0 0 -1 0 0 0 0 0 0 0 0 0 0 -1 0 0 
0 0 -0.25 0 -0.5 0 0 0 0 0 -0.333333 -0.5 0 -0.25 -1 4.44089e-16 -0.833333 -0.833333 
0 0 -0.25 0 0 0 0 0 0 0 -0.333333 0 0 -1.25 0 -0.833333 -2.22045e-16 -0.833333 
0 0 -0.25 0 0 0 0 0 0 -1.25 -0.583333 0 -0.25 -0.25 0 -0.833333 -0.833333 4.5 
0 0 0.5
0 7 -0.5
1 1 2
1 2 -1
2 1 -1
2 2 2
2 15 -0.25
2 16 -0.25
2 17 -0.25
3 4 -2
3 5 -0.5
3 6 -0.5
4 3 -2
4 5 -0.5
4 6 -0.5
4 11 -1.5
4 14 -1
4 15 -0.5
5 3 -0.5
5 4 -0.5
5 7 -0.5
5 8 -0.5
6 3 -0.5
6 4 -0.5
6 8 -0.5
6 9 -0.5
7 0 -0.5
7 5 -0.5
7 7 2
7 8 -0.5
8 5 -0.5
8 6 -0.5
8 7 -0.5
8 9 -0.5
9 6 -0.5
9 8 -0.5
9 9 4
9 10 -0.25
9 12 -1.25
9 17 -1.25
10 9 -0.25
10 10 2
10 12 -0.25
10 15 -0.333333
10 16 -0.333333
10 17 -0.583333
11 4 -1.5
11 15 -0.5
12 9 -1.25
12 10 -0.25
12 12 2
12 17 -0.25
13 13 2
13 15 -0.25
13 16 -1.25
13 17 -0.25
14 4 -1
14 15 -1
15 2 -0.25
15 4 -0.5
15 10 -0.333333
15 11 -0.5
15 13 -0.25
15 14 -1
15 16 -0.833333
15 17 -0.833333
16 2 -0.25
16 10 -0.333333
16 13 -1.25
16 15 -0.833333
16 17 -0.833333
17 2 -0.25
17 9 -1.25
17 10 -0.583333
17 12 -0.25
17 13 -0.25
17 15 -0.833333
17 16 -0.833333
17 17 4.5
0 2.02369e-320 1.2732e-313 1.08619e-317 1.08821e-317 1.08821e-317 2.29246e-321 -1 3.95253e-323 8.48798e-314 4.18968e-321 4.18968e-321 4.18968e-321 2.37152e-322 2.37152e-322 3.95253e-323 8.48798e-314 4.42683e-321 
0 2 -1 0 0 0 0 0 0 0 0 0 0 0 0 0 0 0 
0 -1 5 0 0 0 0 0 0 0 0 0 0 0 0 -1 -1 -1 
0 0 0 0 -3 -1 -1 0 0 0 0 0 0 0 0 0 0 0 
0 0 0 -3 0 -1 -1 0 0 0 0 -2 0 0 -1 -1 0 0 
0 0 0 -1 -1 0 0 -1 -1 0 0 0 0 0 0 0 0 0 
0 0 0 -1 -1 0 0 0 -1 -1 0 0 0 0 0 0 0 0 
-1 0 0 0 0 -1 0 4 -1 0 0 0 0 0 0 0 0 0 
0 0 0 0 0 -1 -1 -1 0 -1 0 0 0 0 0 0 0 0 
0 0 0 0 0 0 -1 0 -1 8 -1 0 -2 0 0 0 0 -2 
0 0 0 0 0 0 0 0 0 -1 7 0 -1 0 0 -1 -1 -2 
0 0 0 0 -2 0 0 0 0 0 0 0 0 0 0 -1 0 0 
0 0 0 0 0 0 0 0 0 -2 -1 0 5 0 0 0 0 -1 
0 0 0 0 0 0 0 0 0 0 0 0 0 5 0 -1 -2 -1 
0 0 0 0 -1 0 0 0 0 0 0 0 0 0 0 -1 0 0 
0 0 -1 0 -1 0 0 0 0 0 -1 -1 0 -1 -1 0 -3 -3 
0 0 -1 0 0 0 0 0 0 0 -1 0 0 -2 0 -3 0 -3 
0 0 -1 0 0 0 0 0 0 -2 -2 0 -1 -1 0 -3 -3 14 
0 7 -1
1 1 2
1 2 -1
2 1 -1
2 2 5
2 15 -1
2 16 -1
2 17 -1
3 4 -3
3 5 -1
3 6 -1
4 3 -3
4 5 -1
4 6 -1
4 11 -2
4 14 -1
4 15 -1
5 3 -1
5 4 -1
5 7 -1
5 8 -1
6 3 -1
6 4 -1
6 8 -1
6 9 -1
7 0 -1
7 5 -1
7 7 4
7 8 -1
8 5 -1
8 6 -1
8 7 -1
8 9 -1
9 6 -1
9 8 -1
9 9 8
9 10 -1
9 12 -2
9 17 -2
10 9 -1
10 10 7
10 12 -1
10 15 -1
10 16 -1
10 17 -2
11 4 -2
11 15 -1
12 9 -2
12 10 -1
12 12 5
12 17 -1
13 13 5
13 15 -1
13 16 -2
13 17 -1
14 4 -1
14 15 -1
15 2 -1
15 4 -1
15 10 -1
15 11 -1
15 13 -1
15 14 -1
15 16 -3
15 17 -3
16 2 -1
16 10 -1
16 13 -2
16 15 -3
16 17 -3
17 2 -1
17 9 -2
17 10 -2
17 12 -1
17 13 -1
17 15 -3
17 16 -3
17 17 14
2 2.02369e-320 1.2732e-313 1.08619e-317 1.08821e-317 1.08821e-317 2.29246e-321 -1 3.95253e-323 8.48798e-314 4.18968e-321 4.18968e-321 4.18968e-321 2.37152e-322 2.37152e-322 3.95253e-323 8.48798e-314 4.42683e-321 
0 2 -1 0 0 0 0 0 0 0 0 0 0 0 0 0 0 0 
0 -1 5 0 0 0 0 0 0 0 0 0 0 0 0 -1 -1 -1 
0 0 0 0 -3 -1 -1 0 0 0 0 0 0 0 0 0 0 0 
0 0 0 -3 0 -1 -1 0 0 0 0 -2 0 0 -1 -1 0 0 
0 0 0 -1 -1 0 0 -1 -1 0 0 0 0 0 0 0 0 0 
0 0 0 -1 -1 0 0 0 -1 -1 0 0 0 0 0 0 0 0 
-1 0 0 0 0 -1 0 4 -1 0 0 0 0 0 0 0 0 0 
0 0 0 0 0 -1 -1 -1 0 -1 0 0 0 0 0 0 0 0 
0 0 0 0 0 0 -1 0 -1 8 -1 0 -2 0 0 0 0 -2 
0 0 0 0 0 0 0 0 0 -1 7 0 -1 0 0 -1 -1 -2 
0 0 0 0 -2 0 0 0 0 0 0 0 0 0 0 -1 0 0 
0 0 0 0 0 0 0 0 0 -2 -1 0 5 0 0 0 0 -1 
0 0 0 0 0 0 0 0 0 0 0 0 0 5 0 -1 -2 -1 
0 0 0 0 -1 0 0 0 0 0 0 0 0 0 0 -1 0 0 
0 0 -1 0 -1 0 0 0 0 0 -1 -1 0 -1 -1 13 -3 -3 
0 0 -1 0 0 0 0 0 0 0 -1 0 0 -2 0 -3 11 -3 
0 0 -1 0 0 0 0 0 0 -2 -2 0 -1 -1 0 -3 -3 14 
0 0 2
0 7 -1
1 1 2
1 2 -1
2 1 -1
2 2 5
2 15 -1
2 16 -1
2 17 -1
3 4 -3
3 5 -1
3 6 -1
4 3 -3
4 5 -1
4 6 -1
4 11 -2
4 14 -1
4 15 -1
5 3 -1
5 4 -1
5 7 -1
5 8 -1
6 3 -1
6 4 -1
6 8 -1
6 9 -1
7 0 -1
7 5 -1
7 7 4
7 8 -1
8 5 -1
8 6 -1
8 7 -1
8 9 -1
9 6 -1
9 8 -1
9 9 8
9 10 -1
9 12 -2
9 17 -2
10 9 -1
10 10 7
10 12 -1
10 15 -1
10 16 -1
10 17 -2
11 4 -2
11 15 -1
12 9 -2
12 10 -1
12 12 5
12 17 -1
13 13 5
13 15 -1
13 16 -2
13 17 -1
14 4 -1
14 15 -1
15 2 -1
15 4 -1
15 10 -1
15 11 -1
15 13 -1
15 14 -1
15 15 13
15 16 -3
15 17 -3
16 2 -1
16 10 -1
16 13 -2
16 15 -3
16 16 11
16 17 -3
17 2 -1
17 9 -2
17 10 -2
17 12 -1
17 13 -1
17 15 -3
17 16 -3
17 17 14
